"","YEAR","N","NMAT","PMAT"
"1",1980,2115,1727,0.816548463356974
"2",1981,2914,2287,0.784831846259437
"3",1982,3402,3222,0.947089947089947
"4",1983,1852,1819,0.982181425485961
"5",1984,1560,1525,0.977564102564103
"6",1985,701,612,0.873038516405136
"7",1986,1279,773,0.604378420641126
"8",1987,3215,1818,0.56547433903577
"9",1988,2975,2058,0.691764705882353
"10",1989,3635,3027,0.832737276478679
"11",1990,3122,2608,0.835361947469571
"12",1991,3144,2278,0.724554707379135
"13",1992,2398,1827,0.761884904086739
"14",1993,1898,1561,0.822444678609062
"15",1994,3393,2861,0.843206601827291
"16",1995,2192,2005,0.914689781021898
"17",1996,1806,1665,0.921926910299003
"18",1997,2231,2152,0.964589870013447
"19",1998,1730,1507,0.871098265895954
"20",1999,1695,1298,0.765781710914454
"21",2000,2071,1749,0.844519555770159
"22",2001,2576,1877,0.728649068322981
"23",2002,1365,1185,0.868131868131868
"24",2003,1345,1088,0.808921933085502
"25",2004,1241,1093,0.880741337630943
"26",2005,1405,911,0.648398576512455
"27",2006,3158,2264,0.716909436352122
"28",2007,4161,3111,0.747656813266042
"29",2008,4764,4309,0.904492023509656
"30",2009,2510,2225,0.886454183266932
"31",2010,2936,2287,0.778950953678474
"32",2011,3739,2297,0.614335383792458
"33",2012,4057,2584,0.636923835346315
"34",2013,2865,1938,0.676439790575916
"35",2014,2749,2160,0.785740269188796
"36",2015,2454,2209,0.900162999185004
"37",2016,2099,1876,0.893758932825155
"38",2017,2764,2507,0.907018813314038
"39",2018,2120,1793,0.845754716981132
"40",2019,1115,1051,0.942600896860987
"41",2021,718,688,0.958217270194986
"42",2022,544,489,0.898897058823529
"43",2023,727,515,0.708390646492435
"44",2024,1527,706,0.462344466273739
"45",2025,2123,1317,0.620348563353745
